2.040550202764279675e-04 2.181438900000000070e-01
8.025785792942770058e-01 1.298042100000000032e-01
1.626623988177016145e+00 2.234882000000000101e-03
2.473037872128770687e+00 -1.229392700000000033e-01
3.275784283658140339e+00 -2.139498900000000037e-01
4.078460060758061445e+00 -2.517127800000000248e-01
4.881514365956718393e+00 -2.267379200000000095e-01
5.684053100187611562e+00 -1.452906999999999949e-01
6.486551385642542300e+00 -2.424884899999999940e-02
7.332897351873270964e+00 1.063571199999999994e-01
8.156822319996990700e+00 2.036673599999999917e-01
8.959571146378948470e+00 2.502704800000000174e-01
9.761905221876986616e+00 2.346033499999999883e-01
