4.004603915927873459e-01 1.795950199999999941e-01
1.202689119158549147e+00 6.840532700000000188e-02
2.048588639569061343e+00 -6.414441699999999524e-02
2.873432760852665524e+00 -1.739974400000000032e-01
3.676006208585476998e+00 -2.404802000000000051e-01
4.478998029480862897e+00 -2.470396900000000062e-01
5.281872126326106809e+00 -1.920542500000000097e-01
6.084306720051245065e+00 -8.926833000000000684e-02
6.908660626316304842e+00 4.263302800000000337e-02
7.754465061917017010e+00 1.601244400000000068e-01
8.556943424840483203e+00 2.344204099999999957e-01
9.359577545737465698e+00 2.503399199999999936e-01
1.016221800562198041e+01 2.039831300000000125e-01
