1.207415607495931908e-06 3.259091699999999925e+00
9.296300086240307792e-01 -3.202469600000000138e+00
1.925164683939442511e+00 3.425097300000000011e+00
2.938040261876381010e+00 -3.375211699999999926e+00
3.933816420308630768e+00 3.264075000000000060e+00
4.929241824513610482e+00 -3.201100499999999904e+00
5.925171022871268178e+00 3.426184000000000118e+00
6.937147378051804480e+00 -3.359226200000000162e+00
7.932738198191827905e+00 3.244732599999999856e+00
8.928029277413088494e+00 -3.169615999999999989e+00
9.923925573696010360e+00 3.405381300000000167e+00
1.093602599082794313e+01 -3.334021100000000182e+00
1.193137110189661598e+01 3.224591600000000113e+00
1.292694381080286803e+01 -3.149315500000000156e+00
1.392218508413122890e+01 3.371894900000000028e+00
1.493443854118845593e+01 -3.299971100000000046e+00
1.592973927973434911e+01 3.187400699999999976e+00
1.692506114805303241e+01 -3.448863799999999813e+00
1.793723099158103196e+01 3.337523000000000017e+00
1.893257036742568289e+01 -3.266778899999999819e+00
1.992819408964044214e+01 3.157409599999999816e+00
2.092355851935838018e+01 -3.424329199999999851e+00
2.193610779323375937e+01 3.315601099999999857e+00
2.293144203756219213e+01 -3.250521500000000064e+00
2.392790913956253007e+01 3.152146500000000184e+00
2.492323855422853285e+01 -3.416316199999999803e+00
2.593558860453254056e+01 3.306719800000000209e+00
2.693113293917258488e+01 -3.241595699999999969e+00
2.792727554823466107e+01 3.143256000000000050e+00
2.892292040022209676e+01 -3.407933199999999996e+00
2.993547872971430479e+01 3.308373899999999868e+00
3.093111271496150039e+01 -3.237610099999999935e+00
3.192665554033214903e+01 3.135956900000000047e+00
3.292207490745920495e+01 -3.391504400000000086e+00
3.393423358239306253e+01 3.285792900000000127e+00
3.492964298834158399e+01 -3.210083700000000206e+00
3.592513842265043422e+01 3.434589200000000009e+00
3.693717635602581595e+01 -3.361143199999999887e+00
3.793255829326983530e+01 3.250241500000000006e+00
3.892810957054950904e+01 -3.180460000000000065e+00
3.992394277936807612e+01 3.411091599999999779e+00
4.093608907829218424e+01 -3.344706799999999980e+00
4.193189542211405296e+01 3.237238699999999803e+00
4.296116106290003245e+01 -3.184632600000000036e+00
4.392374295208890089e+01 3.417598200000000030e+00
4.493626385169807236e+01 -3.345382900000000159e+00
4.593201888035753200e+01 3.244370400000000210e+00
4.692760064488072658e+01 -3.172103100000000175e+00
4.792319327614416125e+01 3.402401300000000184e+00
4.893576035939940994e+01 -3.336729099999999892e+00
4.993121293045498987e+01 3.228689600000000048e+00
5.092646688164700208e+01 -3.151249500000000037e+00
5.192190768040075000e+01 3.377274400000000121e+00
5.293397308248074751e+01 -3.302008400000000066e+00
5.392963634755585645e+01 3.195863500000000190e+00
5.492521720651734540e+01 -3.466363299999999814e+00
5.593778670460369540e+01 3.360696599999999812e+00
5.693313906016589954e+01 -3.289134999999999920e+00
5.792885364040330387e+01 3.180329200000000078e+00
5.892416101973492459e+01 -3.439945900000000112e+00
5.993649748661357535e+01 3.334446199999999916e+00
