5.049900976829349020e-01 7.152143800000000959e-08
1.501034604228834723e+00 -2.960180799999999767e-08
2.513155245571738305e+00 7.049735199999999232e-08
3.509656457062419577e+00 -2.848895199999999913e-08
4.505084879806304343e+00 7.123960999999999611e-08
5.500938312835955912e+00 -2.944350799999999750e-08
6.513035409575081758e+00 7.005520399999998658e-08
7.508855638676095623e+00 -2.881548199999999841e-08
8.503943872079162247e+00 6.936630400000000481e-08
9.499579668449769088e+00 -2.984349199999999598e-08
1.051194118920182063e+01 6.923833599999998899e-08
1.150748039232564679e+01 -2.862973199999999954e-08
1.250286534810857120e+01 7.215780199999998652e-08
1.349827958371940895e+01 -3.105100199999999857e-08
1.451020009592923543e+01 7.183345799999999917e-08
1.550574895837769418e+01 -3.022752199999999760e-08
1.650112153815086913e+01 7.275467599999999465e-08
1.751315283074063700e+01 -2.917635799999999765e-08
1.850856374595855414e+01 7.191766400000000788e-08
1.950402175038436781e+01 -3.028005799999999582e-08
2.049940308392058341e+01 7.290934799999999968e-08
2.151186089606540008e+01 -2.968894799999999867e-08
2.250743209570225645e+01 7.229634399999999152e-08
2.350316961683574846e+01 -3.050573799999999787e-08
2.449907406317379355e+01 -4.834523399999999564e-08
2.551135347966612699e+01 5.440547400000000200e-08
2.650698323895881003e+01 -4.745918999999999604e-08
2.750272709902412771e+01 5.520176599999999845e-08
2.849859139879401937e+01 -4.869630800000000033e-08
2.951102264779603956e+01 5.445080399999999278e-08
3.050694128126724536e+01 -4.756621399999999929e-08
3.150241709507281485e+01 5.545788199999999483e-08
3.249814918283630050e+01 -4.845094599999999756e-08
3.351003166145517298e+01 5.458145599999999731e-08
3.450567409861150736e+01 -4.773400799999999839e-08
3.550107565635869378e+01 5.566086999999999620e-08
3.651305744490946381e+01 7.178359800000000033e-08
3.750847500091310849e+01 -3.029230399999999520e-08
3.850397435932268309e+01 7.242554599999998382e-08
3.949937712448547700e+01 -3.113710999999999816e-08
4.051180958090310469e+01 7.158367200000000228e-08
4.150761018950095149e+01 -3.021743799999999919e-08
4.250327315272215856e+01 6.882875200000000080e-08
4.349954193671271696e+01 -3.100358599999999795e-08
4.451219323720499688e+01 7.231664199999999670e-08
4.550777228504307459e+01 -2.989636000000000077e-08
4.650337306636174617e+01 7.267188400000000655e-08
4.749888298965765898e+01 -3.094624000000000169e-08
4.851143467836413947e+01 7.183914399999999190e-08
4.950713778815349997e+01 -3.023464799999999938e-08
5.050258069988456100e+01 7.318499000000000661e-08
5.149772266328113801e+01 -3.123258399999999890e-08
5.251007965622466145e+01 7.207511399999999186e-08
5.350534658713422687e+01 -2.906115200000000011e-08
5.450100985220933580e+01 7.189646399999998649e-08
5.551361919501005104e+01 -2.824055400000000132e-08
5.650919431874751808e+01 7.245423199999998940e-08
5.750455603178045294e+01 -2.998944200000000001e-08
5.850008708484904218e+01 7.235978599999999872e-08
5.951210268103613998e+01 -2.832787199999999951e-08
6.050777651099758714e+01 7.179038999999999491e-08
